|  l_r   | activation_function |          optimizer          | neurons_per_layer | epochs |       mse_val        |       mae_val       |       rmse_val      |         r2_val         |      mse_train       |      mae_train      |      rmse_train     |        r2_train       |
|:------:|:-------------------:|:---------------------------:|:-----------------:|:------:|:--------------------:|:-------------------:|:-------------------:|:----------------------:|:--------------------:|:-------------------:|:-------------------:|:---------------------:|
| 0.001  |         relu        | mini_batch_gradient_descent |        [8]        |  199   | 0.055653951902691824 |  0.1873417610982644 | 0.23591089822789413 |  -0.13691762105013372  | 0.02791242106500567  |  0.1154822391725624 | 0.16707010823305787 |  0.24872109117197727  |
| 0.001  |         relu        |    batch_gradient_descent   |        [8]        |   71   |  0.2649170756946731  |  0.3916458356909438 |  0.5147009575420208 |   -4.411814995653135   | 0.15824822523306695  | 0.32454464572172614 |  0.3978042549207675 |  -3.2593422369270044  |
| 0.001  |         relu        |             sgd             |        [8]        |   5    | 0.06053731345430311  | 0.20363852617225267 |  0.2460433162154646 |   -0.236676570921168   | 0.02961860259476188  | 0.12976684572466385 | 0.17210055954226844 |  0.20279823141887587  |
| 0.001  |         relu        | mini_batch_gradient_descent |        [8]        |   28   | 0.11440769922281271  | 0.24859918000700537 |  0.3382420719289851 |   -1.337158903965061   |  0.0408478210994343  |  0.1611552025403701 |  0.2021084389614503 |  -0.09944266002992984 |
| 0.001  |         relu        |    batch_gradient_descent   |        [8]        |  365   | 0.056303722048019575 | 0.17470327730172353 | 0.23728405350553916 |  -0.15019134380655297  | 0.08774108876631666  |  0.1947431819475289 |  0.2962112232281496 |  -1.3616020005653948  |
| 0.001  |         relu        |             sgd             |        [8]        |   4    |  0.2786553449227492  |  0.4289394946604067 |  0.5278781534812264 |   -4.692464973491906   | 0.06769272453595052  | 0.20618273758344588 |  0.260178255309606  |  -0.8219887162967778  |
| 0.001  |         relu        | mini_batch_gradient_descent |      [16, 10]     |   14   | 0.13494378424192444  |  0.2966824066017292 |  0.3673469534948186 |  -1.7566769458542395   | 0.06636803905901104  | 0.19326848042506653 | 0.25761995081711164 |  -0.7863340427972034  |
| 0.001  |         relu        |    batch_gradient_descent   |      [16, 10]     |  199   | 0.09081630245977589  | 0.22730443471916476 |  0.301357433058778  |  -0.8552259276334309   | 0.12717748365130177  |  0.2993073237991088 |   0.35661952225208  |  -2.4230553101261147  |
| 0.001  |         relu        |             sgd             |      [16, 10]     |  199   | 0.05656580898611714  | 0.17708323206999213 | 0.23783567643673045 |  -0.15554534380086027  | 0.008361312816244717 | 0.06643011339603945 | 0.09144021443678224 |   0.7749504439500754  |
| 0.001  |         relu        | mini_batch_gradient_descent |      [16, 10]     |   54   | 0.09324568940676396  |  0.2478648088997396 |  0.3053615715946654 |   -0.904854260104936   | 0.05107024064640188  | 0.17444927635800225 |  0.225987257708044  |  -0.37458497695551074 |
| 0.001  |         relu        |    batch_gradient_descent   |      [16, 10]     |   50   | 0.07946288203974347  |  0.2489306558918949 |  0.2818916139932926 |  -0.6232944422055122   | 0.09554017882332808  |  0.2391757493592496 |  0.309095743780674  |  -1.5715190068414615  |
| 0.001  |         relu        |             sgd             |      [16, 10]     |   5    | 0.053187432728072984 | 0.18199592570596887 |  0.2306240072673983 |  -0.08653073896159391  | 0.023945383243371383 | 0.11763268959317248 | 0.15474295862290918 |  0.35549620175718644  |
| 0.001  |         relu        | mini_batch_gradient_descent |    [16, 10, 5]    |  160   | 0.02987671438877177  | 0.12630551072509374 | 0.17284881946016226 |  0.38966844426309655   | 0.02943877211796488  | 0.12901332546724517 | 0.17157730653546488 |   0.2076384724021797  |
| 0.001  |         relu        |    batch_gradient_descent   |    [16, 10, 5]    |  199   | 0.05011544875690158  | 0.15175039914730573 | 0.22386480017390312 | -0.023775218661526765  | 0.04632816488270451  |  0.1693908474787878 | 0.21523978461870033 |  -0.24694927322944116 |
| 0.001  |         relu        |             sgd             |    [16, 10, 5]    |   4    | 0.04376297168984403  |  0.1671944548809626 | 0.20919601260503037 |  0.10599531636682724   | 0.03348163664847904  | 0.14897573713090778 | 0.18297988044722033 |  0.09882244222154656  |
| 0.001  |         relu        | mini_batch_gradient_descent |    [16, 10, 5]    |   21   | 0.060835599330092346 |  0.1835163824127351 |  0.2466487367291638 |  -0.2427700549721856   | 0.04149577792170096  | 0.14819264163523227 |  0.2037051249274327 |  -0.1168827915493873  |
| 0.001  |         relu        |    batch_gradient_descent   |    [16, 10, 5]    |  399   | 0.08301766119028053  | 0.23718881985305967 | 0.28812785563058724 |  -0.6959126645781761   | 0.02765199597976974  |  0.124501609092201  | 0.16628889313411688 |   0.2557305825167746  |
| 0.001  |         relu        |             sgd             |    [16, 10, 5]    |   80   | 0.07107254219348205  | 0.20490291500376032 | 0.26659434013774946 |  -0.4518937618999632   | 0.01198565249090715  | 0.08078636719815681 | 0.10947900479501606 |   0.6773992516095355  |
| 0.0001 |         relu        | mini_batch_gradient_descent |        [8]        |  173   |  0.1817362775645477  | 0.32352151316829475 |  0.4263053806422664 |   -2.712569714877673   | 0.14119292303465145  | 0.28897045762505674 | 0.37575646772165006 |  -2.8002889432153375  |
| 0.0001 |         relu        |    batch_gradient_descent   |        [8]        |  199   | 0.08724791000956011  |  0.2414303326470497 |  0.2953775719474316 |  -0.7823296082028544   | 0.33334886356645593  |  0.4748693449531196 |  0.577363718609384  |   -7.972276890493287  |
| 0.0001 |         relu        |             sgd             |        [8]        |   15   | 0.07722979128614772  |  0.2183776872595505 |  0.277902485210456  |  -0.5776761142994156   | 0.07586432996379798  | 0.19820240380814608 |  0.2754348016569402 |  -1.0419321885920985  |
| 0.0001 |         relu        | mini_batch_gradient_descent |        [8]        |  356   | 0.05531031893893312  | 0.17288221716733312 | 0.23518145959861103 |  -0.12989777145609138  | 0.08403165104058345  |  0.1960058990374977 | 0.28988213301371896 |  -1.2617603451079882  |
| 0.0001 |         relu        |    batch_gradient_descent   |        [8]        |   4    |  0.6057371624064872  |  0.6674125796434579 |  0.7782911809897933 |   -11.37420219266644   |  0.1333741649539201  |  0.2580582363333019 |  0.3652042783893969 |  -2.5898425607391657  |
| 0.0001 |         relu        |             sgd             |        [8]        |   44   |  0.0405413229964136  | 0.14348343176921485 |  0.2013487596098213 |   0.1718082378786424   | 0.05436761423968139  | 0.15871938122308232 |  0.2331686390569739 |  -0.46333568866869634 |
| 0.0001 |         relu        | mini_batch_gradient_descent |      [16, 10]     |   71   |  0.0796028928923829  |  0.2502711686597106 |  0.2821398463393338 |  -0.6261546309263841   |  0.0899161808898464  | 0.23963640203077444 |  0.2998602689417963 |   -1.42014585934999   |
| 0.0001 |         relu        |    batch_gradient_descent   |      [16, 10]     |  169   | 0.08088275258744548  |  0.2485911003608357 |  0.2843989321137572 |  -0.6523000346226511   |  0.1117456906471059  |  0.2701937197311159 |  0.334283847421777  |  -2.0076997025830887  |
| 0.0001 |         relu        |             sgd             |      [16, 10]     |   13   | 0.046577416325707104 |  0.1680973571751002 | 0.21581801668467604 |  0.048500896103960134  | 0.06559587447720792  | 0.18288659118645076 | 0.25611691564050965 |  -0.7655507878046801  |
| 0.0001 |         relu        | mini_batch_gradient_descent |      [16, 10]     |  205   | 0.05882750291932137  | 0.19990146542283388 |  0.242543816493683  |  -0.2017479870664809   | 0.044417329531709314 | 0.16568087389771524 | 0.21075419220435287 |  -0.1955180378628507  |
| 0.0001 |         relu        |    batch_gradient_descent   |      [16, 10]     |  399   | 0.08449154161561113  |  0.225039766744056  | 0.29067428784743093 |  -0.7260215889149253   | 0.17919651728728064  | 0.35597332276384497 |  0.4233160961826052 |  -3.8231775975232023  |
| 0.0001 |         relu        |             sgd             |      [16, 10]     |  399   | 0.03617360826400879  |  0.1288612567062414 | 0.19019360731635748 |  0.26103338134506937   | 0.011068808811268503 | 0.08169062624917021 | 0.10520840656177864 |   0.7020766279503632  |
| 0.0001 |         relu        | mini_batch_gradient_descent |    [16, 10, 5]    |  128   | 0.06498999784859102  |  0.2035230295406363 |  0.2549313590921898 |  -0.3276375031779126   | 0.10938408414021908  |  0.2337399553043941 | 0.33073264752700043 |  -1.9441357016158112  |
| 0.0001 |         relu        |    batch_gradient_descent   |    [16, 10, 5]    |  199   |  0.5095929739770753  |  0.6637034239822772 |  0.7138578107558082 |   -9.410136421055425   |  0.2731287773751639  | 0.46521424148550766 |  0.5226172379238594 |   -6.351418544384278  |
| 0.0001 |         relu        |             sgd             |    [16, 10, 5]    |   51   | 0.04995548774638102  |  0.1558499119455478 | 0.22350724316312665 |  -0.02050748141512626  | 0.03710587658715486  | 0.13282986618091436 | 0.19262885709870903 | 0.0012739343325998131 |
| 0.0001 |         relu        | mini_batch_gradient_descent |    [16, 10, 5]    |  244   |  0.0477802849069863  |  0.1516389497998665 | 0.21858701907246528 |   0.0239282927378055   |  0.0589046589347186  | 0.17264137782361963 | 0.24270282020347148 |  -0.5854528629493945  |
| 0.0001 |         relu        |    batch_gradient_descent   |    [16, 10, 5]    |  399   | 0.16259177117451218  |  0.333814051888923  | 0.40322669948121265 |   -2.321479308590002   |  0.287370616756206   | 0.48542109508216874 |  0.5360696006641358 |   -6.734745863966296  |
| 0.0001 |         relu        |             sgd             |    [16, 10, 5]    |   7    | 0.04895889217052106  |  0.178815946589346  | 0.22126656360715927 | -0.0001486922812141689 | 0.057306426720895774 | 0.17523922201648656 |  0.2393876077011836 |  -0.5424355212842542  |
| 0.001  |       sigmoid       | mini_batch_gradient_descent |        [8]        |   41   | 0.04408182160586694  |  0.1423499238346732 | 0.20995671364799684 |  0.09948174319540848   | 0.04120998467471528  | 0.14442754293069643 |  0.2030024252926927 |  -0.1091905015023944  |
| 0.001  |       sigmoid       |    batch_gradient_descent   |        [8]        |  134   | 0.06602864046985722  |  0.1669182107262493 |  0.2569603869662739 |  -0.3488552434770362   | 0.03411249695593947  | 0.13994743429097534 | 0.18469568743189288 |  0.08184247325690575  |
| 0.001  |       sigmoid       |             sgd             |        [8]        |  199   | 0.07197710740053574  |  0.2276626846691872 |  0.2682854960681545 |  -0.47037252375116734  | 0.02577879587861874  | 0.12169040305163056 |  0.1605577649278251 |   0.3061488434312182  |
| 0.001  |       sigmoid       | mini_batch_gradient_descent |        [8]        |   21   | 0.11596517129329909  |  0.2847985965305501 |   0.34053659317803  |  -1.3689754665036098   | 0.059587310763819006 |  0.1788307962032094 | 0.24410512236292584 |  -0.6038268305848637  |
| 0.001  |       sigmoid       |    batch_gradient_descent   |        [8]        |  328   | 0.03916905264862233  |  0.1408889132439826 | 0.19791172943669189 |  0.19984143742530436   | 0.03022139492324492  | 0.11650605283904228 | 0.17384301804572114 |   0.1865737282939783  |
| 0.001  |       sigmoid       |             sgd             |        [8]        |   5    | 0.07383469142001739  | 0.23476019856389613 |  0.2717253970831902 |  -0.5083198739774801   | 0.027023444814715823 | 0.12567683964970702 |  0.1643880920709156 |   0.2726483995819634  |
| 0.001  |       sigmoid       | mini_batch_gradient_descent |      [16, 10]     |   19   |  0.0540819506961417  |  0.1809377817453085 | 0.23255526374636568 |  -0.10480425244041114  | 0.03555802542121376  | 0.13437238031626028 | 0.18856835742301453 |  0.04293524104147306  |
| 0.001  |       sigmoid       |    batch_gradient_descent   |      [16, 10]     |  107   | 0.05521555975987678  |  0.1683301797301484 | 0.23497991352427716 |  -0.12796199912111383  | 0.049158450676864245 |  0.1532097724683485 |  0.2217170509384974 |  -0.32312804748036417 |
| 0.001  |       sigmoid       |             sgd             |      [16, 10]     |  199   | 0.07965823259974009  | 0.24261182350015192 |  0.2822379007145215 |  -0.6272851290543182   | 0.03060231388433217  |  0.1376744231642505 | 0.17493517051848714 |  0.17632107479713355  |
| 0.001  |       sigmoid       | mini_batch_gradient_descent |      [16, 10]     |   18   | 0.05187155775246963  | 0.17001025323770716 |  0.2277532826381864 | -0.059649603018577135  | 0.04182719154214742  |  0.1483811220691307 |  0.2045169712814744 |  -0.1258029802553362  |
| 0.001  |       sigmoid       |    batch_gradient_descent   |      [16, 10]     |   5    | 0.07586038888760487  |  0.2223252179676538 |  0.2754276472825574 |  -0.5497015021832112   | 0.03497890214358339  |  0.1433488709307935 | 0.18702647444568743 |  0.05852267801377231  |
| 0.001  |       sigmoid       |             sgd             |      [16, 10]     |  399   | 0.04317858714100062  | 0.16597203100509064 |  0.207794579190605  |   0.1179333201982743   | 0.019108081166590515 | 0.10391608928638656 | 0.13823198315364832 |  0.48569497661271765  |
| 0.001  |       sigmoid       | mini_batch_gradient_descent |    [16, 10, 5]    |   17   | 0.05508386011386358  | 0.17625773558559496 |  0.2346995102548439 |  -0.1252715945205516   | 0.03888648983877092  | 0.14048791725181126 | 0.19719657664059717 |  -0.04665229813585392 |
| 0.001  |       sigmoid       |    batch_gradient_descent   |    [16, 10, 5]    |  199   |  0.8137520478178276  |  0.8749855529032184 |  0.902082062684891  |  -15.623600134404317   |  1.0420899331859976  |  1.0026468523795231 |  1.0208280624992625 |  -27.048451479050662  |
| 0.001  |       sigmoid       |             sgd             |    [16, 10, 5]    |   4    | 0.06834983556403633  | 0.21657276347115637 |  0.2614380147645639 |  -0.39627339644273274  |  0.0377747338932351  | 0.15206495072492918 | 0.19435723267538849 |  -0.01672874576108807 |
| 0.001  |       sigmoid       | mini_batch_gradient_descent |    [16, 10, 5]    |  399   | 0.05921876363588899  |  0.190187258273688  |  0.2433490571912885 |  -0.2097407923908572   | 0.03646758472010715  | 0.13938821062526197 |  0.1909648782370914 |  0.01845392800898515  |
| 0.001  |       sigmoid       |    batch_gradient_descent   |    [16, 10, 5]    |  231   | 0.04813771701166298  | 0.15328903490112816 |  0.2194030925298524 |  0.016626549658599332  | 0.049757851957176906 |  0.1499364957036781 | 0.22306468110657257 |  -0.3392612785882878  |
| 0.001  |       sigmoid       |             sgd             |    [16, 10, 5]    |   5    | 0.07283370143966603  | 0.22946242539482176 |  0.2698771969612587 |  -0.4878713144727409   | 0.03510928611472735  | 0.14791407949948462 | 0.18737472111981207 |  0.05501331824374123  |
| 0.0001 |       sigmoid       | mini_batch_gradient_descent |        [8]        |   96   | 0.08009843512416222  | 0.20891602145319313 |  0.2830166693397444 |  -0.6362777340668311   | 0.10827802461114966  | 0.22052597304552415 | 0.32905626359507223 |  -1.9143654715751104  |
| 0.0001 |       sigmoid       |    batch_gradient_descent   |        [8]        |  199   |  0.4444956944361442  |  0.5955591568947455 |  0.6667051030524247 |   -8.080307331435444   | 0.34778284705006407  |  0.5563188131279106 |  0.589731165065968  |   -8.360775879396908  |
| 0.0001 |       sigmoid       |             sgd             |        [8]        |   27   | 0.04597105140890775  |  0.1509590364317894 |  0.2144086085233234 |   0.0608879222741977   | 0.038448215468058614 | 0.14350033374486088 | 0.19608216509427528 |  -0.03485589071461326 |
| 0.0001 |       sigmoid       | mini_batch_gradient_descent |        [8]        |  265   | 0.03209654759860164  | 0.12241385568012514 |  0.1791550936998489 |   0.3443209459136437   | 0.030425120508396904 |  0.119654794978799  | 0.17442798086430086 |  0.18109033669004385  |
| 0.0001 |       sigmoid       |    batch_gradient_descent   |        [8]        |  399   |  0.3061906789756609  |  0.5104055467515584 |  0.5533449909194632 |   -5.254966025366767   | 0.41297721408164745  |  0.6097673823796581 |  0.6426330322055095 |  -10.115519862770949  |
| 0.0001 |       sigmoid       |             sgd             |        [8]        |   29   | 0.05386714464966702  |  0.1600739564523604 |  0.2320929655324931 |  -0.10041612237963515  | 0.04311028747559306  |  0.143440666955795  |  0.2076301699551225 |  -0.16033824720891676 |
| 0.0001 |       sigmoid       | mini_batch_gradient_descent |      [16, 10]     |  199   | 0.05837611251158435  | 0.19824265404604705 | 0.24161149085170672 |  -0.19252683221612063  | 0.041996136843371695 | 0.14863871832268666 | 0.20492958996536273 |   -0.130350240461099  |
| 0.0001 |       sigmoid       |    batch_gradient_descent   |      [16, 10]     |  199   | 0.11881000121052336  | 0.31720752288366527 |  0.3446882667143217 |  -1.4270906074991307   | 0.05765637839565635  | 0.21355088802096328 |  0.2401174262640185 |  -0.5518546724121469  |
| 0.0001 |       sigmoid       |             sgd             |      [16, 10]     |   14   | 0.05458422604680757  | 0.17055049396580607 |  0.233632673328898  |  -0.1150649019948149   | 0.048715137986700734 | 0.15006728217225243 | 0.22071506062500748 |  -0.31119603078571756 |
| 0.0001 |       sigmoid       | mini_batch_gradient_descent |      [16, 10]     |  215   |  0.0477208144901685  | 0.15564253319808044 | 0.21845094298301507 |  0.025143174385915068  |  0.0536969141416449  | 0.15629661540624695 | 0.23172594619861825 |  -0.44528340876684913 |
| 0.0001 |       sigmoid       |    batch_gradient_descent   |      [16, 10]     |  399   | 0.34302301165473925  |  0.5370911644884118 |  0.5856816640929945 |   -6.007389287607728   |  0.4741224447609552  |  0.6601228710114163 |  0.6885654978002856 |  -11.761279006264964  |
| 0.0001 |       sigmoid       |             sgd             |      [16, 10]     |  399   | 0.05881389207546451  | 0.19002315430622996 | 0.24251575634474665 |  -0.20146994017692155  |  0.0332030954501374  | 0.13907821785695892 |  0.1822171656297436 |  0.10631953919734828  |
| 0.0001 |       sigmoid       | mini_batch_gradient_descent |    [16, 10, 5]    |  199   | 0.06584439393691609  | 0.21060079605786455 |   0.25660162496936  |  -0.34509139342224704  | 0.038009078254702094 | 0.15120451824918657 | 0.19495917073762417 |  -0.02303625938604026 |
| 0.0001 |       sigmoid       |    batch_gradient_descent   |    [16, 10, 5]    |  199   | 0.42975250034016527  |  0.6151027480345497 |  0.655555108545548  |   -7.779128410887484   |  0.6216569931445695  |  0.7644804970367215 |  0.7884522770241515 |   -15.73225645268356  |
| 0.0001 |       sigmoid       |             sgd             |    [16, 10, 5]    |   38   | 0.05013910557160775  | 0.16106929394003408 | 0.22391763122096425 | -0.024258488017571574  | 0.04411983847591948  | 0.14220277346817348 | 0.21004722915553892 |  -0.1875108945462831  |
| 0.0001 |       sigmoid       | mini_batch_gradient_descent |    [16, 10, 5]    |  337   | 0.04933006899160212  | 0.15581596472692663 | 0.22210373475383552 | -0.007731217043341676  | 0.05206713879665415  | 0.15554923154548933 |  0.2281822490831707 |  -0.4014170655367903  |
| 0.0001 |       sigmoid       |    batch_gradient_descent   |    [16, 10, 5]    |  399   |  0.5197030170752878  |  0.688131851729778  |  0.7209043050747358 |   -9.616667776960416   | 0.34086038772536337  |  0.5522711531796062 |  0.5838324997166253 |   -8.174453894795302  |
| 0.0001 |       sigmoid       |             sgd             |    [16, 10, 5]    |  399   | 0.06534050584077968  |  0.2088248306268935 | 0.25561789029874193 |  -0.33479779816172495  | 0.036926614752285154 | 0.14796825895119775 | 0.19216299006906912 |  0.006098869990519784 |
| 0.001  |         tanh        | mini_batch_gradient_descent |        [8]        |   6    | 0.22647176143791264  |  0.4056342101260891 | 0.47589049311570897 |  -3.6264412040175618   | 0.11509836632751291  |  0.2509788158427771 | 0.33926150139311845 |   -2.097938901861588  |
| 0.001  |         tanh        |    batch_gradient_descent   |        [8]        |  199   |  0.3256579172628434  |  0.4795307241315222 |  0.570664452426155  |   -5.652649307240037   | 0.10930067134101622  |  0.2573146851876043 | 0.33060652041515487 |  -1.9418905980247791  |
| 0.001  |         tanh        |             sgd             |        [8]        |   20   | 0.07293615116015177  |  0.1636031417902633 | 0.27006693829521555 |  -0.4899641917709346   | 0.03209708339975719  | 0.13511972401870478 |  0.179156589049237  |   0.1360884913217496  |
| 0.001  |         tanh        | mini_batch_gradient_descent |        [8]        |   11   |  0.0952322319868296  | 0.21570271282973855 |  0.3085972002251958 |  -0.9454360191180596   | 0.04236749718954202  | 0.15290437672329765 |  0.2058336638879608 |  -0.14034561832542258 |
| 0.001  |         tanh        |    batch_gradient_descent   |        [8]        |  298   | 0.07782090591115187  |  0.2235295346162588 |  0.2789639867637969 |  -0.5897516023869949   | 0.044910987228004455 |  0.1597490971473749 | 0.21192212538572855 |  -0.20880511942927704 |
| 0.001  |         tanh        |             sgd             |        [8]        |  399   | 0.12827725528079656  |  0.2670600227933621 | 0.35815814283748537 |  -1.6204908532583473   | 0.005958228093668294 | 0.05890114599587018 | 0.07718955948616557 |   0.8396308550112983  |
| 0.001  |         tanh        | mini_batch_gradient_descent |      [16, 10]     |   13   | 0.18792983772742583  | 0.32372762256946075 |  0.4335087516157267 |  -2.8390938420146306   | 0.051600782783803464 | 0.18020087500121873 | 0.22715805683224943 |  -0.3888648245239492  |
| 0.001  |         tanh        |    batch_gradient_descent   |      [16, 10]     |   91   |  0.3452718629654752  |  0.5348156280205043 |  0.5875983857750762 |  -6.0533295774683245   | 0.33383283838493727  | 0.46974960426093526 |  0.5777826913164994 |   -7.985303351819667  |
| 0.001  |         tanh        |             sgd             |      [16, 10]     |  199   | 0.03499954053336363  | 0.14258015126795545 |  0.1870816413584284 |   0.2850176312616016   | 0.00853091945279407  | 0.06482417508204667 | 0.09236297663454804 |   0.7703853835226752  |
| 0.001  |         tanh        | mini_batch_gradient_descent |      [16, 10]     |   15   | 0.10235306719539844  |  0.2657732837503275 |  0.3199266590882955 |  -1.0909028323170795   |  0.0686126097598041  | 0.20143608163912652 |  0.2619400881113926 |  -0.8467479575540751  |
| 0.001  |         tanh        |    batch_gradient_descent   |      [16, 10]     |  399   | 0.06192378828545166  | 0.17665584462009626 |  0.2488449080962913 |  -0.2649999444244797   | 0.04029118368757902  | 0.14712937022650296 |  0.2007266392076025 |  -0.08446044310157519 |
| 0.001  |         tanh        |             sgd             |      [16, 10]     |   38   | 0.032696018468438524 | 0.12641596921417522 | 0.18082040390519685 |  0.33207475365014605   | 0.011065900399396218 |  0.0754788573125184 | 0.10519458350787944 |   0.7021549095330588  |
| 0.001  |         tanh        | mini_batch_gradient_descent |    [16, 10, 5]    |   8    | 0.08419128127183646  | 0.20351579583628351 |  0.2901573388212617 |  -0.7198877697687689   | 0.07262385430875634  |  0.2074905172382537 | 0.26948813389230397 |   -0.954712917697119  |
| 0.001  |         tanh        |    batch_gradient_descent   |    [16, 10, 5]    |  199   | 0.34777701979034426  |  0.5059265531160495 |  0.5897262244383781 |   -6.10450576245277    | 0.30978173699728584  |  0.4126032459784156 |  0.5565803958075471 |   -7.33795408876056   |
| 0.001  |         tanh        |             sgd             |    [16, 10, 5]    |   5    | 0.06674944084370701  | 0.21352330382587795 | 0.25835913152762185 |  -0.36357999559746434  | 0.02198975845229546  | 0.11509503276803082 | 0.14828944147273418 |   0.4081329707316465  |
| 0.001  |         tanh        | mini_batch_gradient_descent |    [16, 10, 5]    |  131   | 0.04941766175380076  | 0.17113103938968222 | 0.22230083615182547 | -0.009520591407883083  |  0.0314091003442302  | 0.12679455970389683 | 0.17722612771324153 |  0.15460595199077387  |
| 0.001  |         tanh        |    batch_gradient_descent   |    [16, 10, 5]    |  224   | 0.06255139353823967  | 0.20761207256038475 |  0.2501027659547964 |  -0.27782087531193755  | 0.05686724410025396  | 0.18530997123414225 |  0.2384685390156403 |  -0.5306146677924131  |
| 0.001  |         tanh        |             sgd             |    [16, 10, 5]    |   37   | 0.02965827420835096  | 0.11816332848080131 |  0.1722157780470505 |   0.3941308136326611   | 0.010850729299202689 | 0.07478005336363668 | 0.10416683396937187 |   0.7079463637744605  |
| 0.0001 |         tanh        | mini_batch_gradient_descent |        [8]        |  142   | 0.04792347309164476  |  0.1507685965103814 | 0.21891430536089865 |  0.021003196411330305  | 0.027192893060233845 | 0.11981301746763127 | 0.16490267754112983 |  0.26808760234050866  |
| 0.0001 |         tanh        |    batch_gradient_descent   |        [8]        |  199   |  0.4650327036882815  |  0.5829961090479797 |   0.68193306393537  |   -8.499844253867275   | 0.46470345089654413  |  0.6317056166704677 |  0.6816916098182111 |  -11.507761354885584  |
| 0.0001 |         tanh        |             sgd             |        [8]        |   6    |  0.2174284395911381  |  0.4195112869811471 |  0.4662922255315202 |  -3.4417011880991533   | 0.19876197710616297  |  0.2879076180407046 |  0.4458272951560536 |   -4.349793231087037  |
| 0.0001 |         tanh        | mini_batch_gradient_descent |        [8]        |  137   | 0.22243659867523333  |  0.403855645859598  |  0.4716318465447741 |  -3.5440095438774746   | 0.30094022712592794  |  0.4219525820672906 |  0.5485801920648684 |  -7.0999797520637795  |
| 0.0001 |         tanh        |    batch_gradient_descent   |        [8]        |  113   | 0.03295537127097763  | 0.13770757997291283 | 0.18153614315330607 |  0.32677660749529625   |  0.0774226655056645  | 0.23426677352826944 | 0.27824928662202264 |  -1.0838756883248817  |
| 0.0001 |         tanh        |             sgd             |        [8]        |   10   | 0.09315030394633332  |  0.2503066093695923 | 0.30520534717847475 |  -0.9029056938837056   | 0.05197394963720055  |  0.1701836213594655 |  0.2279779586653073 |  -0.39890882557201435 |
| 0.0001 |         tanh        | mini_batch_gradient_descent |      [16, 10]     |  199   | 0.09598028864922216  | 0.24785626159255453 | 0.30980685700807553 |  -0.9607175718549628   | 0.09115873142903862  |  0.2395396279921679 |  0.3019250427325276 |  -1.4535898236364972  |
| 0.0001 |         tanh        |    batch_gradient_descent   |      [16, 10]     |  199   |  0.9110216380282932  |  0.8794082101829782 |  0.9544745350339596 |  -17.610655991568972   |  0.5118333574410106  |  0.6914265407833029 |  0.7154252982953639 |  -12.776289967270438  |
| 0.0001 |         tanh        |             sgd             |      [16, 10]     |   10   | 0.14784562222965475  | 0.33036744134693397 |  0.3845069859308862 |   -2.020240025396756   |  0.0779891845371775  |  0.2304290627829419 |  0.2792654374196304 |   -1.099123874744618  |
| 0.0001 |         tanh        | mini_batch_gradient_descent |      [16, 10]     |  399   | 0.21193503323926569  |  0.3895102780164963 |  0.4603640225291999 |  -3.3294800381626217   | 0.08513106151247544  | 0.23342617010192948 |  0.2917722768058601 |  -1.2913516119405402  |
| 0.0001 |         tanh        |    batch_gradient_descent   |      [16, 10]     |  399   | 0.35454098214873125  |  0.4792019285971089 |  0.595433440569751  |   -6.242682257211233   |  0.5329640420944463  |  0.6011943709684734 |  0.7300438631304603 |  -13.345034529852477  |
| 0.0001 |         tanh        |             sgd             |      [16, 10]     |  166   | 0.049479715265063534 | 0.17459593340515447 | 0.22244036338997367 |  -0.0107882413768563   | 0.027038704873939168 | 0.12002138110667132 |  0.1644345002544757 |  0.27223766628816337  |
| 0.0001 |         tanh        | mini_batch_gradient_descent |    [16, 10, 5]    |   49   | 0.06297517536643941  | 0.21118146197896853 |  0.2509485512339918 |  -0.28647803282706863  | 0.06596331491789893  | 0.20004616535577505 |  0.2568332434049357 |  -0.7754406591525911  |
| 0.0001 |         tanh        |    batch_gradient_descent   |    [16, 10, 5]    |  199   |  0.8610775647981412  |  0.863873132522616  |  0.9279426516752752 |   -16.59038168972498   |  0.6683058285719955  |  0.7593340714667669 |  0.8174997422458282 |  -16.987836758540755  |
| 0.0001 |         tanh        |             sgd             |    [16, 10, 5]    |  199   | 0.05794615812324092  |  0.1597853173456413 | 0.24072008250921012 |  -0.18374357956929763  | 0.01399876098494638  | 0.08695669610451645 | 0.11831635975192265 |   0.6232152756214995  |
| 0.0001 |         tanh        | mini_batch_gradient_descent |    [16, 10, 5]    |  399   | 0.17500407281865904  |  0.3298752197769948 |  0.4183348811880967 |   -2.575041975293237   |  0.1088528300308522  | 0.25196923135928995 | 0.32992852260884054 |   -1.929836690911364  |
| 0.0001 |         tanh        |    batch_gradient_descent   |    [16, 10, 5]    |  399   | 0.11780106299794504  | 0.23734721852693844 | 0.34322159459734614 |  -1.4064796788370164   |  0.1786464544528243  | 0.34894706849593826 |  0.4226658898619858 |  -3.8083723391368096  |
| 0.0001 |         tanh        |             sgd             |    [16, 10, 5]    |   4    | 0.35158418172605793  | 0.46736250322374023 |  0.5929453446364664 |   -6.182279745124698   | 0.07494229831985859  |  0.2107225985211158 |  0.2737559101094597 |  -1.0171151752004457  |